0000
0000
0000
0000
0000
0000
0000
0000
0000
0000
0000
0000
0000
0000
0000
0000
0000
0000
0000
0000
0000
0000
0000
0000
0000
0000
0000
0000
0000
0000
0000
0000
0000
0000
0000
0000
0000
0000
0000
0000
0000
0000
0000
0000
0000
0000
0000
0000
0000
0000
0000
0000
0000
0000
0000
0000
0000
0000
0000
0000
0000
0000
0081
0081
0081
0101
0101
0101
0101
0101
0182
0202
0202
0202
0202
0202
0202
0202
0202
0101
0000
0000
0000
0000
0000
0000
0000
0000
0000
0101
0000
0000
0000
0000
0000
0000
0000
0000
0000
0000
0000
0000
0000
0000
0000
0000
0000
0000
0000
0000
0000
0000
0000
0000
0000
0000
0000
0000
0182
0182
0505
0F0F
1091
1091
1091
1899
2525
2DAE
31B2
31B2
37B8
4444
4BCC
4BCC
4B4B
1B9C
0000
0101
0000
0000
0000
0000
0000
0101
0081
4A4A
6E6E
6CED
7272
7D7D
7FFF
7FFF
7FFF
7FFF
7FFF
7FFF
7FFF
7FFF
7FFF
7FFF
7FFF
7FFF
7FFF
59DA
0000
0202
0000
0000
0000
0000
0081
0081
0101
66E7
7FFF
7FFF
7FFF
7E7E
77F8
77F8
77F8
74F5
6969
6060
5757
56D7
5555
46C7
6464
7CFD
74F5
1697
0081
0101
0000
0000
0000
0000
0000
0081
0000
0707
1A9B
1A1A
1A9B
1091
0889
0889
0808
0707
0000
0000
0000
0000
0000
0788
70F1
7FFF
3131
0000
0182
0000
0000
0000
0000
0000
0000
0000
0000
0000
0000
0000
0000
0000
0000
0000
0000
0000
0000
0101
0182
0303
0202
5EDF
7FFF
5FE0
0081
0202
0081
0000
0000
0000
0000
0000
0000
0000
0000
0081
0182
0182
0182
0101
0081
0081
0081
0081
0000
0000
0202
0000
24A5
7FFF
7C7C
1596
0000
0182
0000
0000
0000
0000
0000
0000
0000
0000
0000
0000
0000
0000
0000
0000
0000
0000
0000
0000
0000
0081
0101
0505
6B6B
7FFF
4ACB
0000
0202
0000
0000
0000
0000
0000
0000
0000
0000
0000
0000
0000
0000
0000
0000
0000
0000
0000
0000
0000
0000
0182
0000
4949
7FFF
7373
0D8E
0101
0101
0000
0000
0000
0000
0000
0000
0000
0000
0000
0000
0000
0000
0000
0000
0000
0000
0000
0000
0000
0182
0000
1899
7EFF
7F7F
24A5
0000
0182
0000
0000
0000
0000
0000
0000
0000
0000
0000
0000
0000
0000
0000
0000
0000
0000
0000
0000
0000
0081
0202
0000
6060
7FFF
5B5B
0000
0182
0000
0000
0000
0000
0000
0000
0000
0000
0000
0000
0000
0000
0000
0000
0000
0000
0000
0000
0000
0000
0283
0000
40C1
7FFF
7BFC
1313
0081
0101
0000
0000
0000
0000
0000
0000
0000
0000
0000
0000
0000
0000
0000
0000
0000
0000
0000
0000
0000
0202
0000
24A5
7EFF
7FFF
34B5
0000
0182
0000
0000
0000
0000
0000
0000
0000
0000
0000
0000
0000
0000
0000
0000
0000
0000
0000
0000
0000
0182
0000
1495
74F5
7FFF
50D1
0000
0202
0000
0000
0000
0000
0000
0000
0000
0000
0000
0000
0000
0000
0000
0000
0000
0000
0000
0000
0000
0101
0000
0C0C
6FF0
7FFF
6262
0687
0182
0081
0000
0000
0000
0000
0000
0000
0000
0000
0000
0000
0000
0000
0000
0000
0000
0000
0000
0000
0081
0182
0283
61E2
7FFF
68E9
0788
0000
0101
0000
0000
0000
0000
0000
0000
0000
0000
0000
0000
0000
0000
0000
0000
0000
0000
0000
0000
0000
0202
0000
4D4D
7FFF
74F5
1111
0000
0182
0000
0000
0000
0000
0000
0000
0000
0000
0000
0000
0000
0000
0000
0000
0000
0000
0000
0000
0000
0182
0000
2626
7FFF
7D7D
22A3
0000
0202
0000
0000
0000
0000
0000
0000
0000
0000
0000
0000
0000
0000
0000
0000
0000
0000
0000
0000
0000
0101
0081
0D8E
7373
7FFF
51D2
0000
0202
0000
0000
0000
0000
0000
0000
0000
0000
0000
0000
0000
0000
0000
0000
0000
0000
0000
0000
0000
0000
0202
0000
50D1
7FFF
7171
0A0A
0182
0101
0000
0000
0000
0000
0000
0000
0000
0000
0000
0000
0000
0000
0000
0000
0000
0000
0000
0000
0000
0000
0182
0000
3CBD
73F4
2626
0000
0182
0000
0000
0000
0000
0000
0000
0000
0000
0000
0000
0000
0000
0000
0000
0000
0000
0000
0000
0000
0000
0000
0000
0000
0000
0687
0000
0081
0000
0000
0000
0000
0000
0000
0000
0000
0000
0000
0000
0000
0000
0000
0000
0000
0000
0000
0000
0000
0000
0000
0000
0000
0081
0000
0101
0000
0000
0000
0000
0000
0000
0000
0000
0000
0000
0000
0000
0000
0000
0000
0000
0000
0000
0000
0000
0000
0000
0000
0000
0000
0000
0081
0000
0000
0000
0000
0000
0000
0000
0000
0000
0000
0000
0000
0000
0000
0000
0000
0000
0000
0000
0000
0000
0000
0000
0000
0000
0000
0000
0000
0000
0000
0000
0000
0000
0000
0000
0000
0000
0000
0000
0000
0000
0000
0000
0000
0000
